start=0.000000
pause=yes
volume=92.000000
sid=1
sub-pos=110
sub-scale=0.700000
