start=63.938875
pause=yes
volume=62.000000
sub-pos=110
sub-scale=0.700000
