start=2582.288000
volume=102.000000
sid=1
sub-pos=110
