start=2302.342000
pause=yes
volume=102.000000
sid=1
sub-pos=110
